4294967293,131
4294967293,130
4294967293,129
4294967293,128
4294967293,127
4294967293,126
4294967293,125
4294967293,124
4294967293,123
4294967293,122
4294967293,121
4294967293,120
4294967293,119
4294967293,118
4294967293,117
4294967293,116
4294967293,115
4294967293,114
4294967293,113
4294967293,112
4294967293,111
4294967293,110
4294967293,109
4294967293,108
4294967293,107
4294967293,106
4294967293,105
4294967293,104
4294967293,103
4294967293,102
4294967293,101
4294967293,100
4294967293,99
4294967293,98
4294967293,97
4294967293,96
4294967293,95
4294967293,94
4294967293,93
4294967293,92
4294967293,91
4294967293,90
4294967293,89
4294967293,87
4294967293,86
4294967293,85
4294967293,84
4294967293,83
4294967293,82
4294967293,81
4294967293,80
4294967293,79
4294967293,78
4294967293,77
4294967293,76
4294967293,75
4294967293,74
4294967293,73
4294967293,72
4294967293,71
4294967293,70
4294967293,69
4294967293,68
4294967293,67
4294967293,66
4294967293,65
4294967293,64
4294967293,63
4294967293,62
4294967293,61
4294967293,60
4294967293,59
4294967293,58
4294967293,57
4294967293,56
4294967293,55
4294967293,54
4294967293,53
4294967293,52
4294967293,51
4294967293,50
4294967293,49
4294967293,48
4294967293,47
4294967293,46
4294967293,45
4294967293,44
4294967293,43
4294967293,42
4294967293,41
4294967293,40
4294967293,39
4294967293,38
4294967293,37
4294967293,36
4294967293,35
4294967293,34
4294967293,33
4294967293,32
4294967293,31
4294967293,30
4294967293,29
4294967293,28
4294967293,27
4294967293,26
4294967293,25
4294967293,24
4294967293,23
4294967293,22
4294967293,21
4294967293,20
4294967293,19
4294967293,18
4294967293,17
4294967293,16
4294967293,15
4294967293,14
4294967293,13
4294967293,12
4294967293,11
4294967293,10
4294967293,9
4294967293,8
4294967293,7
4294967293,6
4294967293,5
4294967293,4
4294967293,3
4294967278,91
4294967278,46
4294967278,33
4294967279,88
4294967294,1834
4294967294,151
4294967294,510
4294967294,85
4294967294,471
4294967278,308
4294967279,350
4294967279,349
4294967279,301
4294967278,289
4294967278,284
4294967279,324
4294967278,262
4294967294,748
4294967294,749
4294967294,59
4294967294,58
4243767290,0
4294967294,292
4294967294,129
4294967294,291
4294967294,290
4294967294,1402
4294967294,289
4294967294,1485
4294967294,1477
4294967294,288
4243767290,4
4243767290,3
4243767290,2
4294967294,745
4294967294,287
4294967294,1308
4294967294,1307
4294967294,1306
4294967294,1305
4294967294,1304
4294967294,1303
4294967294,1302
4294967294,1301
4294967294,1300
4294967294,1299
4294967294,1298
4294967294,1297
4294967294,1296
4294967294,1295
4294967294,1294
4294967294,1293
4294967294,1292
4294967294,4
4294967278,427
4294967278,426
4294967278,425
4294967294,148
4294967278,424
4294967294,743
4294967294,746
4294967294,122
4294967294,747
4294967294,585
4294967294,1432
4294967279,468
4294967294,1431
4294967279,467
4294967294,1426
4294967294,1838
4294967294,1853
4294967294,1831
4294967294,1827
4294967294,1828
4294967279,466
4294967294,756
4294967294,1703
4294967294,1800
4294967294,1799
4294967294,1683
4294967294,1665
4294967294,1815
4294967294,1814
4294967294,1813
4294967294,1811
4294967294,1809
4294967294,1807
4294967294,1806
4294967294,1804
4294967294,1803
4294967294,1801
4294967294,751
4294967294,1798
4294967294,1797
4294967294,1796
4294967294,1795
4294967294,766
4294967294,764
4294967294,761
4294967294,759
4294967294,758
4294967294,9
4294967294,757
4294967279,53
4294967294,754
4294967278,52
4294967278,423
4294967294,753
4294967294,752
4294967278,160
4294967294,744
4294967294,750
4294967294,762
4294967294,8
4294967279,465
4294967294,1122
4294967294,1121
4294967294,1120
4294967294,1119
4294967294,1118
4294967294,1089
4294967294,1088
4294967294,247
4294967294,246
4294967294,245
4294967294,1117
4294967294,1116
4294967294,1115
4294967294,1114
4294967294,242
4294967294,241
4294967294,1113
4294967294,1112
4294967294,1111
4294967294,239
4294967294,238
4294967294,1110
4294967294,1109
4294967294,1108
4294967294,237
4294967294,236
4294967294,235
4294967294,1107
4294967294,1106
4294967294,234
4294967294,233
4294967294,1105
4294967294,1104
4294967294,1103
4294967294,1102
4294967294,1101
4294967294,1100
4294967294,1099
4294967294,1098
4294967294,232
4294967294,231
4294967294,230
4294967294,229
4294967294,228
4294967294,227
4294967294,226
4294967294,225
4294967294,1097
4294967294,192
4294967294,1401
4294967278,422
4294967279,12
4294967294,1400
4294967279,285
4294967278,9
4294967279,464
4294967294,1399
4294967279,463
4294967279,132
4294967294,1192
4294967279,462
4294967294,1398
4294967279,129
4294967294,1397
4294967294,1484
4294967294,1182
4294967279,123
4294967279,252
4294967294,1396
4294967294,1164
4294967294,1395
4294967279,117
4294967279,243
4294967294,1394
4294967294,1417
4294967294,1450
4294967294,206
4294967278,234
4294967294,248
4294967294,1393
4294967278,421
4294967278,174
4294967279,233
4294967294,1392
4294967279,461
4294967279,111
4294967294,1191
4294967294,464
4294967278,420
4294967279,231
4294967279,460
4294967279,110
4294967294,1483
4294967294,249
4294967294,398
4294967294,1391
4294967279,459
4294967279,174
4294967294,459
4294967279,222
4294967294,1161
4294967279,105
4294967279,221
4294967279,104
4294967294,1390
4294967279,219
4294967279,213
4294967279,212
4294967294,1389
4294967294,1184
4294967294,1482
4294967278,419
4294967294,1183
4294967279,98
4294967294,1481
4294967294,213
4294967279,97
4294967279,458
4294967294,224
4294967278,205
4294967294,1388
4294967279,92
4294967294,1096
4294967294,1095
4294967294,1094
4294967279,91
4294967279,310
4294967294,200
4294967294,199
4294967294,198
4294967294,1093
4294967279,457
4294967279,90
4294967294,197
4294967294,1480
4294967294,425
4294967294,191
4294967294,1092
4294967279,84
4294967279,308
4294967279,83
4294967294,54
4294967294,1091
4294967294,195
4294967294,240
4294967294,196
4294967278,192
4294967294,1479
4294967294,222
4294967278,418
4294967294,1387
4294967278,417
4294967294,1386
4294967294,178
4294967294,386
4294967294,472
4294967279,77
4294967279,304
4294967294,1090
4294967294,243
4294967294,194
4294967278,416
4294967294,1385
4294967294,741
4294967294,469
4294967294,1384
4294967294,460
4294967278,415
4294967294,57
4294967294,55
4294967294,193
4294967294,423
4294967294,404
4294967294,221
4294967294,1478
4294967294,1427
4294967294,1163
4294967279,456
4294967294,1383
4294967294,128
4294967294,155
4294967294,103
4294967294,102
4294967294,101
4294967294,100
4294967294,98
4294967294,1382
4294967279,68
4294967294,463
4294967278,414
4294967294,1381
4294967294,461
4294967294,105
4294967294,1174
4294967294,118
4294967294,93
4294967294,97
4294967294,597
4294967279,542
4294967279,541
4294967279,540
4294967279,539
4294967279,538
4294967279,537
4294967279,536
4294967279,535
4294967279,534
4294967279,533
4294967279,532
4294967279,531
4294967279,530
4294967279,529
4294967279,528
4294967294,709
4294967294,729
4294967294,1003
4294967294,1002
4294967294,1001
4294967294,1663
4294967279,527
4294967279,526
4294967279,525
4294967279,524
4294967279,523
4294967279,522
4294967279,521
4294967279,520
4294967279,519
4294967279,518
4294967279,517
4294967294,861
4294967279,516
4294967279,515
4294967279,514
4294967279,513
4294967279,512
4294967279,455
4294967279,454
4294967279,453
4294967279,452
4294967279,451
4294967279,450
4294967279,449
4294967294,965
4294967279,448
4294967279,447
4294967279,446
4294967294,914
4294967294,990
4294967279,445
4294967279,444
4294967294,733
4294967279,443
4294967279,442
4294967279,441
4294967279,440
4294967279,439
4294967279,438
4294967294,686
4294967279,437
4294967279,436
4294967279,435
4294967294,723
4294967279,434
4294967294,669
4294967279,433
4294967279,432
4294967279,431
4294967279,430
4294967279,429
4294967279,428
4294967294,734
4294967279,427
4294967294,681
4294967294,948
4294967279,426
4294967279,425
4294967294,704
4294967294,731
4294967294,727
4294967294,724
4294967294,715
4294967294,72
4294967294,717
4294967294,71
4294967294,70
4294967294,117
4294967279,298
4294967294,445
4294967294,138
4294967294,592
4294967294,736
4294967278,166
4294967294,1792
4294967294,104
4294967294,106
4294967294,587
4294967294,1380
4294967294,156
4294967278,413
4294967294,1379
4294967294,742
4294967279,424
4294967294,598
4294967294,424
4294967294,1179
4294967294,1476
4294967294,1378
4294967294,439
4294967294,458
4294967294,462
4294967294,1377
4294967278,412
4294967278,411
4294967279,198
4294967294,1376
4294967278,191
4294967279,191
4294967279,76
4294967279,75
4294967278,70
4294967278,300
4294967279,185
4294967279,70
4294967279,302
4294967279,69
4294967278,55
4294967278,292
4294967294,1153
4294967294,1152
4294967278,42
4294967294,139
4294967294,154
4294967278,22
4294967278,283
4294967294,1855
4294967279,423
4294967278,11
4294967278,265
4294967279,286
4294967278,281
4294967278,280
4294967279,267
4294967279,11
4294967279,325
4294967278,10
4294967278,279
4294967279,10
4294967278,258
4294967278,410
4294967278,346
4294967294,1375
4294967279,256
4294967279,422
4294967279,128
4294967278,122
4294967278,254
4294967279,254
4294967279,122
4294967279,251
4294967294,1475
4294967278,244
4294967279,244
4294967278,242
4294967279,116
4294967279,241
4294967278,115
4294967278,239
4294967279,115
4294967294,1215
4294967279,234
4294967278,232
4294967294,1849
4294967279,232
4294967279,109
4294967279,229
4294967278,409
4294967279,108
4294967279,227
4294967278,103
4294967278,220
4294967279,220
4294967278,218
4294967294,1847
4294967278,217
4294967279,218
4294967279,103
